52
322
380
326
322
328
329
303
307
320
322
307
323
285
330
300
291
312
317
309
319
292
329
297
289
313
320
325
323
317
328
311
313
317
326
323
314
329
340
329
316
326
310
324
340
328
344
330
343
308
310
328
326
303
329
310
332
318
322
319
319
320
333
307
329
317
317
321
318
323
312
327
303
330
313
306
314
327
312
327
293
330
306
312
314
317
319
328
297
326
292
330
301
305
316
322
298
322
278
329
290
312
307
316
323
313
330
306
300
315
319
323
317
327
317
329
296
304
315
321
319
328
309
330
301
309
321
324
312
329
302
330
298
298
317
313
306
325
311
328
302
309
321
318
315
324
297
328
308
308
310
324
341
327
327
328
310
331
316
312
338
323
316
324
301
330
293
298
299
314
320
256
327
238
331
277
284
293
314
295
323
277
328
225
301
308
303
323
277
323
270
329
290
283
303
316
294
321
292
325
301
284
296
308
320
306
322
290
327
292
294
307
321
302
321
265
327
281
299
296
306
316
302
324
287
331
282
293
311
322
319
323
308
296
289
304
312
318
311
323
354
329
200
237
281
303
315
252
325
220
330
268
295
259
278
222
303
160
320
169
222
262
290
301
187
319
167
194
246
262
294
205
304
160
322
158
217
258
306
272
317
246
326
258
262
288
311
316
281
326
281
292
286
299
312
283
320
280
329
259
284
298
313
297
320
272
327
288
279
288
304
320
282
324	
267
327
282
285
301
